cf 00 50 32 00 30 34 47 70 32 27 13 23 5b 12 00 
13 10 04 05 24 0b 21 19 50 00 4d 8f 50 34 12 24 
2b 00 00 54 61 01 00 01 11 05 15 10 10 97 10 97 
97 34 12 24 7b 86 21 31 b2 97 10 18 00 79 9f 82 
61 19 00 16 23 0b 17 03 10 01 21 12 32 70 32 81 
18 30 11 23 5b 09 09 04 24 0b 14 40 38 00 00 3a 
af 75 09 79 01 01 22 09 12 57 15 23 7b 40 20 11 
10 00 13 16 23 14 01 01 41 50 40 b2 00 00 55 bf 
00 00 03 00 03 00 00 00 01 31 93 03 8d cf 00 90 
32 00 30 34 47 70 32 27 13 23 5b 12 00 13 10 04 
05 24 0b 21 19 50 00 8d cf 00 90 32 00 30 34 47 
70 32 27 13 23 5b 12 00 13 10 04 05 24 0b 21 19 
50 00 8d 8f 00 35 12 24 2b 00 00 54 61 01 00 01 
11 05 15 10 10 97 10 97 97 35 12 24 7b 86 21 31 
b2 97 10 18 00 2b 9f 82 61 19 00 16 23 0b 17 03 
10 01 21 12 32 70 32 81 18 30 11 23 5b 09 09 04 
24 0b 14 40 38 00 00 3a af 75 09 79 01 01 22 09 
12 57 15 23 7b 40 20 11 10 00 13 16 23 14 01 01 
41 50 40 b2 00 00 55 bf 00 00 03 00 03 00 00 00 
01 31 93 03 8d cf 00 90 32 00 30 34 47 70 32 27 
13 23 5b 12 00 13 10 04 05 24 0b 21 19 50 00 8d 
cf 00 90 32 00 30 34 47 70 32 27 13 23 5b 12 00 
13 10 04 05 24 0b 21 19 50 00 8d 8f 10 35 12 24 
2b 00 00 54 61 01 00 01 11 05 15 10 10 97 10 97 
97 35 12 24 7b 86 21 31 b2 97 10 18 00 3b 9f 82 
61 19 00 16 23 0b 17 03 10 01 21 12 32 70 32 81 
18 30 11 23 5b 09 09 04 24 0b 14 40 38 00 00 3a 
af 75 09 79 01 01 22 09 12 57 15 23 7b 40 20 11 
10 00 13 16 23 14 01 01 41 50 40 b2 00 00 55 bf 
00 00 03 00 03 00 00 00 01 31 93 03 8d cf 00 90 
32 00 90 32 47 70 32 27 13 23 5b 12 00 13 10 04 
05 24 0b 21 19 50 00 eb cf 00 60 33 00 90 32 47 
70 32 27 13 23 5b 12 00 13 10 04 05 24 0b 21 19 
50 00 bc 8f 20 35 12 24 2b 00 00 54 61 01 00 01 
11 05 15 10 10 97 10 97 97 35 12 24 7b 86 21 31 
b2 97 10 18 00 4b 9f 82 61 19 00 16 23 0b 17 03 
10 01 21 12 32 70 32 81 18 30 11 23 5b 09 09 04 
24 0b 14 40 38 00 00 3a af 75 09 79 01 01 22 09 
12 57 15 23 7b 40 20 11 10 00 13 16 23 14 01 01 
41 50 40 b2 00 00 55 bf 00 00 03 00 03 00 00 00 
01 31 93 03 8d cf 00 00 32 00 90 32 47 70 32 27 
13 23 5b 12 00 13 10 04 05 24 0b 21 19 50 00 5b 
cf 00 60 35 00 90 32 47 70 32 27 13 23 5b 12 00 
13 10 04 05 24 0b 21 19 50 00 be 8f 30 35 12 24 
2b 00 00 54 61 01 00 01 11 05 15 10 10 97 10 97 
97 35 12 24 7b 86 21 31 b2 97 10 18 00 5b 9f 82 
61 19 00 16 23 0b 17 03 10 01 21 12 32 70 32 81 
18 30 11 23 5b 09 09 04 24 0b 14 40 38 00 00 3a 
af 75 09 79 01 01 22 09 12 57 15 23 7b 40 20 11 
10 00 13 16 23 14 01 01 41 50 40 b2 00 00 55 bf 
00 00 03 00 03 00 00 00 01 31 93 03 8d cf 00 80 
33 00 90 32 47 70 32 27 13 23 5b 12 00 13 10 04 
05 24 0b 21 19 50 00 dc cf 00 10 33 00 90 32 47 
70 32 27 13 23 5b 12 00 13 10 04 05 24 0b 21 19 
50 00 6c 8f 40 35 12 24 2b 00 00 54 61 01 00 01 
11 05 15 10 10 97 10 97 97 35 12 24 7b 86 21 31 
b2 97 10 18 00 6b 9f 82 61 19 00 16 23 0b 17 03 
10 01 21 12 32 70 32 81 18 30 11 23 5b 09 09 04 
24 0b 14 40 38 00 00 3a af 75 09 79 01 01 22 09 
12 57 15 23 7b 40 20 11 10 00 13 16 23 14 01 01 
41 50 40 b2 00 00 55 bf 00 00 03 00 03 00 00 00 
01 31 93 03 8d cf 00 60 33 00 90 32 47 70 32 27 
13 23 5b 12 00 13 10 04 05 24 0b 21 19 50 00 bc 
cf 00 80 32 00 90 32 47 70 32 27 13 23 5b 12 00 
13 10 04 05 24 0b 21 19 50 00 db 8f 50 35 12 24 
2b 00 00 54 61 01 00 01 11 05 15 10 10 97 10 97 
97 35 12 24 7b 86 21 31 b2 97 10 18 00 7b 9f 82 
61 19 00 16 23 0b 17 03 10 01 21 12 32 70 32 81 
18 30 11 23 5b 09 09 04 24 0b 14 40 38 00 00 3a 
af 75 09 79 01 01 22 09 12 57 15 23 7b 40 20 11 
10 00 13 16 23 14 01 01 41 50 40 b2 00 00 55 bf 
00 00 03 00 03 00 00 00 01 31 93 03 8d cf 00 10 
33 00 90 32 47 70 32 27 13 23 5b 12 00 13 10 04 
05 24 0b 21 19 50 00 6c cf 00 70 32 00 90 32 47 
70 32 27 13 23 5b 12 00 13 10 04 05 24 0b 21 19 
50 00 cb 8f 00 36 12 24 2b 00 00 54 61 01 00 01 
11 05 15 10 10 97 10 97 97 36 12 24 7b 86 21 31 
b2 97 10 18 00 2d 9f 82 61 19 00 16 23 0b 17 03 
10 01 21 12 32 70 32 81 18 30 11 23 5b 09 09 04 
24 0b 14 40 38 00 00 3a af 75 09 79 01 01 22 09 
12 57 15 23 7b 40 20 11 10 00 13 16 23 14 01 01 
41 50 40 b2 00 00 55 bf 00 00 03 00 03 00 00 00 
01 31 93 03 8d cf 00 70 33 00 90 32 47 70 32 27 
13 23 5b 12 00 13 10 04 05 24 0b 21 19 50 00 cc 
cf 00 90 32 00 90 32 47 70 32 27 13 23 5b 12 00 
13 10 04 05 24 0b 21 19 50 00 eb 8f 10 36 12 24 
2b 00 00 54 61 01 00 01 11 05 15 10 10 97 10 97 
97 36 12 24 7b 86 21 31 b2 97 10 18 00 3d 9f 82 
61 19 00 16 23 0b 17 03 10 01 21 12 32 70 32 81 
18 30 11 23 5b 09 09 04 24 0b 14 40 38 00 00 3a 
af 75 09 79 01 01 22 09 12 57 15 23 7b 40 20 11 
10 00 13 16 23 14 01 01 41 50 40 b2 00 00 55 bf 
00 00 03 00 03 00 00 00 01 31 93 03 8d cf 00 90 
32 00 90 32 47 70 32 27 13 23 5b 12 00 13 10 04 
05 24 0b 21 19 50 00 eb cf 00 70 34 00 90 32 47 
70 32 27 13 23 5b 12 00 13 10 04 05 24 0b 21 19 
50 00 cd 8f 20 36 12 24 2b 00 00 54 61 01 00 01 
11 05 15 10 10 97 10 97 97 36 12 24 7b 86 21 31 
b2 97 10 18 00 4d 9f 82 61 19 00 16 23 0b 17 03 
10 01 21 12 32 70 32 81 18 30 11 23 5b 09 09 04 
24 0b 14 40 38 00 00 3a af 75 09 79 01 01 22 09 
12 57 15 23 7b 40 20 11 10 00 13 16 23 14 01 01 
41 50 40 b2 00 00 55 bf 00 00 03 00 03 00 00 00 
01 31 93 03 8d cf 00 30 34 00 90 32 47 70 32 27 
13 23 5b 12 00 13 10 04 05 24 0b 21 19 50 00 8d 
cf 00 50 34 00 90 32 47 70 32 27 13 23 5b 12 00 
13 10 04 05 24 0b 21 19 50 00 ad 8f 30 36 12 24 
2b 00 00 54 61 01 00 01 11 05 15 10 10 97 10 97 
97 36 12 24 7b 86 21 31 b2 97 10 18 00 5d 9f 82 
61 19 00 16 23 0b 17 03 10 01 21 12 32 70 32 81 
18 30 11 23 5b 09 09 04 24 0b 14 40 38 00 00 3a 
af 75 09 79 01 01 22 09 12 57 15 23 7b 40 20 11 
10 00 13 16 23 14 01 01 41 50 40 b2 00 00 55 bf 
00 00 03 00 03 00 00 00 01 31 93 03 8d cf 00 80 
31 00 90 32 47 70 32 27 13 23 5b 12 00 13 10 04 
05 24 0b 21 19 50 00 da cf 00 80 32 00 90 32 47 
70 32 27 13 23 5b 12 00 13 10 04 05 24 0b 21 19 
50 00 db 8f 40 36 12 24 2b 00 00 54 61 01 00 01 
11 05 15 10 10 97 10 97 97 36 12 24 7b 86 21 31 
b2 97 10 18 00 6d 9f 82 61 19 00 16 23 0b 17 03 
10 01 21 12 32 70 32 81 18 30 11 23 5b 09 09 04 
24 0b 14 40 38 00 00 3a af 75 09 79 01 01 22 09 
12 57 15 23 7b 40 20 11 10 00 13 16 23 14 01 01 
41 50 40 b2 00 00 55 bf 00 00 03 00 03 00 00 00 
01 31 93 03 8d cf 00 60 34 00 90 32 47 70 32 27 
13 23 5b 12 00 13 10 04 05 24 0b 21 19 50 00 bd 
cf 00 00 34 00 90 32 47 70 32 27 13 23 5b 12 00 
13 10 04 05 24 0b 21 19 50 00 5d 8f 50 36 12 24 
2b 00 00 54 61 01 00 01 11 05 15 10 10 97 10 97 
97 36 12 24 7b 86 21 31 b2 97 10 18 00 7d 9f 82 
61 19 00 16 23 0b 17 03 10 01 21 12 32 70 32 81 
18 30 11 23 5b 09 09 04 24 0b 14 40 38 00 00 3a 
af 75 09 79 01 01 22 09 12 57 15 23 7b 40 20 11 
10 00 13 16 23 14 01 01 41 50 40 b2 00 00 55 bf 
00 00 03 00 03 00 00 00 01 31 93 03 8d cf 00 40 
31 00 90 32 47 70 32 27 13 23 5b 12 00 13 10 04 
05 24 0b 21 19 50 00 9a cf 00 00 30 00 90 32 47 
70 32 27 13 23 5b 12 00 13 10 04 05 24 0b 21 19 
50 00 59 8f 00 37 12 24 2b 00 00 54 61 01 00 01 
11 05 15 10 10 97 10 97 97 37 12 24 7b 86 21 31 
b2 97 10 18 00 2f 9f 82 61 19 00 16 23 0b 17 03 
10 01 21 12 32 70 32 81 18 30 11 23 5b 09 09 04 
24 0b 14 40 38 00 00 3a af 75 09 79 01 01 22 09 
12 57 15 23 7b 40 20 11 10 00 13 16 23 14 01 01 
41 50 40 b2 00 00 55 bf 00 00 03 00 03 00 00 00 
01 31 93 03 8d cf 00 70 29 00 90 32 47 70 32 27 
13 23 5b 12 00 13 10 04 05 24 0b 21 19 50 00 c2 
cf 00 90 29 00 90 32 47 70 32 27 13 23 5b 12 00 
13 10 04 05 24 0b 21 19 50 00 e2 8f 10 37 12 24 
2b 00 00 54 61 01 00 01 11 05 15 10 10 97 10 97 
97 37 12 24 7b 86 21 31 b2 97 10 18 00 3f 9f 82 
61 19 00 16 23 0b 17 03 10 01 21 12 32 70 32 81 
18 30 11 23 5b 09 09 04 24 0b 14 40 38 00 00 3a 
af 75 09 79 01 01 22 09 12 57 15 23 7b 40 20 11 
10 00 13 16 23 14 01 01 41 50 40 b2 00 00 55 bf 
00 00 03 00 03 00 00 00 01 31 93 03 8d cf 00 90 
29 00 90 29 47 70 32 27 13 23 5b 12 00 13 10 04 
05 24 0b 21 19 50 00 d9 cf 00 90 29 00 90 29 47 
70 32 27 13 23 5b 12 00 13 10 04 05 24 0b 21 19 
50 00 d9 8f 20 37 12 24 2b 00 00 54 61 01 00 01 
11 05 15 10 10 97 10 97 97 37 12 24 7b 86 21 31 
b2 97 10 18 00 4f 9f 82 61 19 00 16 23 0b 17 03 
10 01 21 12 32 70 32 81 18 30 11 23 5b 09 09 04 
24 0b 14 40 38 00 00 3a af 75 09 79 01 01 22 09 
12 57 15 23 7b 40 20 11 10 00 13 16 23 14 01 01 
41 50 40 b2 00 00 55 bf 00 00 03 00 03 00 00 00 
01 31 93 03 8d cf 00 90 29 00 90 29 47 70 32 27 
13 23 5b 12 00 13 10 04 05 24 0b 21 19 50 00 d9 
cf 00 90 29 00 90 29 47 70 32 27 13 23 5b 12 00 
13 10 04 05 24 0b 21 19 50 00 d9 8f 30 37 12 24 
2b 00 00 54 61 01 00 01 11 05 15 10 10 97 10 97 
97 37 12 24 7b 86 21 31 b2 97 10 18 00 5f 9f 82 
61 19 00 16 23 0b 17 03 10 01 21 12 32 70 32 81 
18 30 11 23 5b 09 09 04 24 0b 14 40 38 00 00 3a 
af 75 09 79 01 01 22 09 12 57 15 23 7b 40 20 11 
10 00 13 16 23 14 01 01 41 50 40 b2 00 00 55 bf 
00 00 03 00 03 00 00 00 01 31 93 03 8d cf 00 20 
30 00 90 29 47 70 32 27 13 23 5b 12 00 13 10 04 
05 24 0b 21 19 50 00 70 cf 00 60 34 00 90 29 47 
70 32 27 13 23 5b 12 00 13 10 04 05 24 0b 21 19 
50 00 b4 8f 40 37 12 24 2b 00 00 54 61 01 00 01 
11 05 15 10 10 97 10 97 97 37 12 24 7b 86 21 31 
b2 97 10 18 00 6f 9f 82 61 19 00 16 23 0b 17 03 
10 01 21 12 32 70 32 81 18 30 11 23 5b 09 09 04 
24 0b 14 40 38 00 00 3a af 75 09 79 01 01 22 09 
12 57 15 23 7b 40 20 11 10 00 13 16 23 14 01 01 
41 50 40 b2 00 00 55 bf 00 00 03 00 03 00 00 00 
01 31 93 03 8d cf 00 10 35 00 90 29 47 70 32 27 
13 23 5b 12 00 13 10 04 05 24 0b 21 19 50 00 65 
cf 00 10 35 00 90 29 47 70 32 27 13 23 5b 12 00 
13 10 04 05 24 0b 21 19 50 00 65 8f 50 37 12 24 
2b 00 00 54 61 01 00 01 11 05 15 10 10 97 10 97 
97 37 12 24 7b 86 21 31 b2 97 10 18 00 7f 9f 82 
61 19 00 16 23 0b 17 03 10 01 21 12 32 70 32 81 
18 30 11 23 5b 09 09 04 24 0b 14 40 38 00 00 3a 
af 75 09 79 01 01 22 09 12 57 15 23 7b 40 20 11 
10 00 13 16 23 14 01 01 41 50 40 b2 00 00 55 bf 
00 00 03 00 03 00 00 00 01 31 93 03 8d cf 00 10 
35 00 90 29 47 70 32 27 13 23 5b 12 00 13 10 04 
05 24 0b 21 19 50 00 65 cf 00 10 35 00 90 29 47 
70 32 27 13 23 5b 12 00 13 10 04 05 24 0b 21 19 
50 00 65 8f 00 38 12 24 2b 00 00 54 61 01 00 01 
11 05 15 10 10 97 10 97 97 38 12 24 7b 86 21 31 
b2 97 10 18 00 31 9f 82 61 19 00 16 23 0b 17 03 
10 01 21 12 32 70 32 81 18 30 11 23 5b 09 09 04 
24 0b 14 40 38 00 00 3a af 75 09 79 01 01 22 09 
12 57 15 23 7b 40 20 11 10 00 13 16 23 14 01 01 
41 50 40 b2 00 00 55 bf 00 00 03 00 03 00 00 00 
01 31 93 03 8d cf 00 10 35 00 90 29 47 70 32 27 
13 23 5b 12 00 13 10 04 05 24 0b 21 19 50 00 65 
cf 00 90 33 00 90 29 47 70 32 27 13 23 5b 12 00 
13 10 04 05 24 0b 21 19 50 00 e3 8f 10 38 12 24 
2b 00 00 54 61 01 00 01 11 05 15 10 10 97 10 97 
97 38 12 24 7b 86 21 31 b2 97 10 18 00 41 9f 82 
61 19 00 16 23 0b 17 03 10 01 21 12 32 70 32 81 
18 30 11 23 5b 09 09 04 24 0b 14 40 38 00 00 3a 
af 75 09 79 01 01 22 09 12 57 15 23 7b 40 20 11 
10 00 13 16 23 14 01 01 41 50 40 b2 00 00 55 bf 
00 00 03 00 03 00 00 00 01 31 93 03 8d cf 00 60 
33 00 60 33 47 70 32 27 13 23 5b 12 00 13 10 04 
05 24 0b 21 19 50 00 8d cf 00 60 33 00 60 33 47 
70 32 27 13 23 5b 12 00 13 10 04 05 24 0b 21 19 
50 00 8d 8f 20 38 12 24 2b 00 00 54 61 01 00 01 
11 05 15 10 10 97 10 97 97 38 12 24 7b 86 21 31 
b2 97 10 18 00 51 9f 82 61 19 00 16 23 0b 17 03 
10 01 21 12 32 70 32 81 18 30 11 23 5b 09 09 04 
24 0b 14 40 38 00 00 3a af 75 09 79 01 01 22 09 
12 57 15 23 7b 40 20 11 10 00 13 16 23 14 01 01 
41 50 40 b2 00 00 55 bf 00 00 03 00 03 00 00 00 
01 31 93 03 8d cf 00 40 15 00 60 33 47 70 32 27 
13 23 5b 12 00 13 10 04 05 24 0b 21 19 50 00 4f 
cf 00 20 00 00 60 33 47 70 32 27 13 23 5b 12 00 
13 10 04 05 24 0b 21 19 50 00 1a 8f 30 38 12 24 
2b 00 00 54 61 01 00 01 11 05 15 10 10 97 10 97 
97 38 12 24 7b 86 21 31 b2 97 10 18 00 61 9f 82 
61 19 00 16 23 0b 17 03 10 01 21 12 32 70 32 81 
18 30 11 23 5b 09 09 04 24 0b 14 40 38 00 00 3a 
af 75 09 79 01 01 22 09 12 57 15 23 7b 40 20 11 
10 00 13 16 23 14 01 01 41 50 40 b2 00 00 55 bf 
00 00 03 00 03 00 00 00 01 31 93 03 8d cf 00 20 
00 00 60 33 47 70 32 27 13 23 5b 12 00 13 10 04 
05 24 0b 21 19 50 00 1a cf 00 60 35 00 60 33 47 
70 32 27 13 23 5b 12 00 13 10 04 05 24 0b 21 19 
50 00 8f 8f 40 38 12 24 2b 00 00 54 61 01 00 01 
11 05 15 10 10 97 10 97 97 38 12 24 7b 86 21 31 
b2 97 10 18 00 71 9f 82 61 19 00 16 23 0b 17 03 
10 01 21 12 32 70 32 81 18 30 11 23 5b 09 09 04 
24 0b 14 40 38 00 00 3a af 75 09 79 01 01 22 09 
12 57 15 23 7b 40 20 11 10 00 13 16 23 14 01 01 
41 50 40 b2 00 00 55 bf 00 00 03 00 03 00 00 00 
01 31 93 03 8d cf 12 60 34 00 60 33 47 70 32 27 
13 23 5b 12 00 13 10 04 05 24 0b 21 19 50 00 a0 
cf 00 50 15 00 60 33 47 70 32 27 13 23 5b 12 00 
13 10 04 05 24 0b 21 19 50 00 5f 8f 50 38 12 24 
2b 00 00 54 61 01 00 01 11 05 15 10 10 97 10 97 
97 38 12 24 7b 86 21 31 b2 97 10 18 00 81 9f 82 
61 19 00 16 23 0b 17 03 10 01 21 12 32 70 32 81 
18 30 11 23 5b 09 09 04 24 0b 14 40 38 00 00 3a 
af 75 09 79 01 01 22 09 12 57 15 23 7b 40 20 11 
10 00 13 16 23 14 01 01 41 50 40 b2 00 00 55 bf 
00 00 03 00 03 00 00 00 01 31 93 03 8d cf 00 90 
18 00 60 33 47 70 32 27 13 23 5b 12 00 13 10 04 
05 24 0b 21 19 50 00 a2 cf 00 60 35 00 60 33 47 
70 32 27 13 23 5b 12 00 13 10 04 05 24 0b 21 19 
50 00 8f 8f 00 39 12 24 2b 00 00 54 61 01 00 01 
11 05 15 10 10 97 10 97 97 39 12 24 7b 86 21 31 
b2 97 10 18 00 33 9f 82 61 19 00 16 23 0b 17 03 
10 01 21 12 32 70 32 81 18 30 11 23 5b 09 09 04 
24 0b 14 40 38 00 00 3a af 75 09 79 01 01 22 09 
12 57 15 23 7b 40 20 11 10 00 13 16 23 14 01 01 
41 50 40 b2 00 00 55 bf 00 00 03 00 03 00 00 00 
01 31 93 03 8d cf 00 40 15 00 60 33 47 70 32 27 
13 23 5b 12 00 13 10 04 05 24 0b 21 19 50 00 4f 
cf 00 40 34 00 60 33 47 70 32 27 13 23 5b 12 00 
13 10 04 05 24 0b 21 19 50 00 6e 8f 10 39 12 24 
2b 00 00 54 61 01 00 01 11 05 15 10 10 97 10 97 
97 39 12 24 7b 86 21 31 b2 97 10 18 00 43 9f 82 
61 19 00 16 23 0b 17 03 10 01 21 12 32 70 32 81 
18 30 11 23 5b 09 09 04 24 0b 14 40 38 00 00 3a 
af 75 09 79 01 01 22 09 12 57 15 23 7b 40 20 11 
10 00 13 16 23 14 01 01 41 50 40 b2 00 00 55 bf 
00 00 03 00 03 00 00 00 01 31 93 03 8d cf 00 40 
34 00 40 34 47 70 32 27 13 23 5b 12 00 13 10 04 
05 24 0b 21 19 50 00 4f cf 00 80 17 00 40 34 47 
70 32 27 13 23 5b 12 00 13 10 04 05 24 0b 21 19 
50 00 72 8f 20 39 12 24 2b 00 00 54 61 01 00 01 
11 05 15 10 10 97 10 97 97 39 12 24 7b 86 21 31 
b2 97 10 18 00 53 9f 82 61 19 00 16 23 0b 17 03 
10 01 21 12 32 70 32 81 18 30 11 23 5b 09 09 04 
24 0b 14 40 38 00 00 3a af 75 09 79 01 01 22 09 
12 57 15 23 7b 40 20 11 10 00 13 16 23 14 01 01 
41 50 40 b2 00 00 55 bf 00 00 03 00 03 00 00 00 
01 31 93 03 8d cf 00 40 15 00 40 34 47 70 32 27 
13 23 5b 12 00 13 10 04 05 24 0b 21 19 50 00 30 
cf 00 10 35 00 40 34 47 70 32 27 13 23 5b 12 00 
13 10 04 05 24 0b 21 19 50 00 20 8f 30 39 12 24 
2b 00 00 54 61 01 00 01 11 05 15 10 10 97 10 97 
97 39 12 24 7b 86 21 31 b2 97 10 18 00 63 9f 82 
61 19 00 16 23 0b 17 03 10 01 21 12 32 70 32 81 
18 30 11 23 5b 09 09 04 24 0b 14 40 38 00 00 3a 
af 75 09 79 01 01 22 09 12 57 15 23 7b 40 20 11 
10 00 13 16 23 14 01 01 41 50 40 b2 00 00 55 bf 
00 00 03 00 03 00 00 00 01 31 93 03 8d cf 00 10 
35 00 40 34 47 70 32 27 13 23 5b 12 00 13 10 04 
05 24 0b 21 19 50 00 20 cf 00 60 35 00 40 34 47 
70 32 27 13 23 5b 12 00 13 10 04 05 24 0b 21 19 
50 00 70 8f 40 39 12 24 2b 00 00 54 61 01 00 01 
11 05 15 10 10 97 10 97 97 39 12 24 7b 86 21 31 
b2 97 10 18 00 73 9f 82 61 19 00 16 23 0b 17 03 
10 01 21 12 32 70 32 81 18 30 11 23 5b 09 09 04 
24 0b 14 40 38 00 00 3a af 75 09 79 01 01 22 09 
12 57 15 23 7b 40 20 11 10 00 13 16 23 14 01 01 
41 50 40 b2 00 00 55 bf 00 00 03 00 03 00 00 00 
01 31 93 03 8d cf 00 90 32 00 40 34 47 70 32 27 
13 23 5b 12 00 13 10 04 05 24 0b 21 19 50 00 9d 
cf 00 40 33 00 40 34 47 70 32 27 13 23 5b 12 00 
13 10 04 05 24 0b 21 19 50 00 4e 8f 50 39 12 24 
2b 00 00 54 61 01 00 01 11 05 15 10 10 97 10 97 
97 39 12 24 7b 86 21 31 b2 97 10 18 00 83 9f 82 
61 19 00 16 23 0b 17 03 10 01 21 12 32 70 32 81 
18 30 11 23 5b 09 09 04 24 0b 14 40 38 00 00 3a 
af 75 09 79 01 01 22 09 12 57 15 23 7b 40 20 11 
10 00 13 16 23 14 01 01 41 50 40 b2 00 00 55 bf 
00 00 03 00 03 00 00 00 01 31 93 03 8d cf 00 40 
33 00 40 34 47 70 32 27 13 23 5b 12 00 13 10 04 
05 24 0b 21 19 50 00 4e cf 00 90 33 00 40 34 47 
70 32 27 13 23 5b 12 00 13 10 04 05 24 0b 21 19 
50 00 9e 8f 00 40 12 24 2b 00 00 54 61 01 00 01 
11 05 15 10 10 97 10 97 97 40 12 24 7b 86 21 31 
b2 97 10 18 00 41 9f 82 61 19 00 16 23 0b 17 03 
10 01 21 12 32 70 32 81 18 30 11 23 5b 09 09 04 
24 0b 14 40 38 00 00 3a af 75 09 79 01 01 22 09 
12 57 15 23 7b 40 20 11 10 00 13 16 23 14 01 01 
41 50 40 b2 00 00 55 bf 00 00 03 00 03 00 00 00 
01 31 93 03 8d cf 00 90 33 00 40 34 47 70 32 27 
13 23 5b 12 00 13 10 04 05 24 0b 21 19 50 00 9e 
cf 00 90 33 00 40 34 47 70 32 27 13 23 5b 12 00 
13 10 04 05 24 0b 21 19 50 00 9e 8f 10 40 12 24 
2b 00 00 54 61 01 00 01 11 05 15 10 10 97 10 97 
97 40 12 24 7b 86 21 31 b2 97 10 18 00 51 9f 82 
61 19 00 16 23 0b 17 03 10 01 21 12 32 70 32 81 
18 30 11 23 5b 09 09 04 24 0b 14 40 38 00 00 3a 
af 75 09 79 01 01 22 09 12 57 15 23 7b 40 20 11 
10 00 13 16 23 14 01 01 41 50 40 b2 00 00 55 bf 
00 00 03 00 03 00 00 00 01 31 93 03 8d cf 00 90 
33 00 90 33 47 70 32 27 13 23 5b 12 00 13 10 04 
05 24 0b 21 19 50 00 ed cf 00 90 33 00 90 33 47 
70 32 27 13 23 5b 12 00 13 10 04 05 24 0b 21 19 
50 00 ed 8f 20 40 12 24 2b 00 00 54 61 01 00 01 
11 05 15 10 10 97 10 97 97 40 12 24 7b 86 21 31 
b2 97 10 18 00 61 9f 82 61 19 00 16 23 0b 17 03 
10 01 21 12 32 70 32 81 18 30 11 23 5b 09 09 04 
24 0b 14 40 38 00 00 3a af 75 09 79 01 01 22 09 
12 57 15 23 7b 40 20 11 10 00 13 16 23 14 01 01 
41 50 40 b2 00 00 55 bf 00 00 03 00 03 00 00 00 
01 31 93 03 8d cf 00 50 33 00 90 33 47 70 32 27 
13 23 5b 12 00 13 10 04 05 24 0b 21 19 50 00 ad 
cf 00 60 28 00 90 33 47 70 32 27 13 23 5b 12 00 
13 10 04 05 24 0b 21 19 50 00 b2 8f 30 40 12 24 
2b 00 00 54 61 01 00 01 11 05 15 10 10 97 10 97 
97 40 12 24 7b 86 21 31 b2 97 10 18 00 71 9f 82 
61 19 00 16 23 0b 17 03 10 01 21 12 32 70 32 81 
18 30 11 23 5b 09 09 04 24 0b 14 40 38 00 00 3a 
af 75 09 79 01 01 22 09 12 57 15 23 7b 40 20 11 
10 00 13 16 23 14 01 01 41 50 40 b2 00 00 55 bf 
00 00 03 00 03 00 00 00 01 31 93 03 8d cf 00 80 
28 00 90 33 47 70 32 27 13 23 5b 12 00 13 10 04 
05 24 0b 21 19 50 00 d2 cf 00 40 32 00 90 33 47 
70 32 27 13 23 5b 12 00 13 10 04 05 24 0b 21 19 
50 00 9c 8f 40 40 12 24 2b 00 00 54 61 01 00 01 
11 05 15 10 10 97 10 97 97 40 12 24 7b 86 21 31 
b2 97 10 18 00 81 9f 82 61 19 00 16 23 0b 17 03 
10 01 21 12 32 70 32 81 18 30 11 23 5b 09 09 04 
24 0b 14 40 38 00 00 3a af 75 09 79 01 01 22 09 
12 57 15 23 7b 40 20 11 10 00 13 16 23 14 01 01 
41 50 40 b2 00 00 55 bf 00 00 03 00 03 00 00 00 
01 31 93 03 8d cf 00 30 31 00 90 33 47 70 32 27 
13 23 5b 12 00 13 10 04 05 24 0b 21 19 50 00 8b 
cf 00 00 32 00 90 33 47 70 32 27 13 23 5b 12 00 
13 10 04 05 24 0b 21 19 50 00 5c 8f 50 40 12 24 
2b 00 00 54 61 01 00 01 11 05 15 10 10 97 10 97 
97 40 12 24 7b 86 21 31 b2 97 10 18 00 91 9f 82 
61 19 00 16 23 0b 17 03 10 01 21 12 32 70 32 81 
18 30 11 23 5b 09 09 04 24 0b 14 40 38 00 00 3a 
af 75 09 79 01 01 22 09 12 57 15 23 7b 40 20 11 
10 00 13 16 23 14 01 01 41 50 40 b2 00 00 55 bf 
00 00 03 00 03 00 00 00 01 31 93 03 8d cf 00 50 
32 00 90 33 47 70 32 27 13 23 5b 12 00 13 10 04 
05 24 0b 21 19 50 00 ac cf 00 10 35 00 90 33 47 
70 32 27 13 23 5b 12 00 13 10 04 05 24 0b 21 19 
50 00 6f 8f 00 41 12 24 2b 00 00 54 61 01 00 01 
11 05 15 10 10 97 10 97 97 41 12 24 7b 86 21 31 
b2 97 10 18 00 43 9f 82 61 19 00 16 23 0b 17 03 
10 01 21 12 32 70 32 81 18 30 11 23 5b 09 09 04 
24 0b 14 40 38 00 00 3a af 75 09 79 01 01 22 09 
12 57 15 23 7b 40 20 11 10 00 13 16 23 14 01 01 
41 50 40 b2 00 00 55 bf 00 00 03 00 03 00 00 00 
01 31 93 03 8d cf 00 10 35 00 90 33 47 70 32 27 
13 23 5b 12 00 13 10 04 05 24 0b 21 19 50 00 6f 
cf 00 70 34 00 90 33 47 70 32 27 13 23 5b 12 00 
13 10 04 05 24 0b 21 19 50 00 ce 8f 10 41 12 24 
2b 00 00 54 61 01 00 01 11 05 15 10 10 97 10 97 
97 41 12 24 7b 86 21 31 b2 97 10 18 00 53 9f 82 
61 19 00 16 23 0b 17 03 10 01 21 12 32 70 32 81 
18 30 11 23 5b 09 09 04 24 0b 14 40 38 00 00 3a 
af 75 09 79 01 01 22 09 12 57 15 23 7b 40 20 11 
10 00 13 16 23 14 01 01 41 50 40 b2 00 00 55 bf 
00 00 03 00 03 00 00 00 01 31 93 03 8d cf 00 10 
35 00 10 35 47 70 32 27 13 23 5b 12 00 13 10 04 
05 24 0b 21 19 50 00 f1 cf 00 60 35 00 10 35 47 
70 32 27 13 23 5b 12 00 13 10 04 05 24 0b 21 19 
50 00 41 8f 20 41 12 24 2b 00 00 54 61 01 00 01 
11 05 15 10 10 97 10 97 97 41 12 24 7b 86 21 31 
b2 97 10 18 00 63 9f 82 61 19 00 16 23 0b 17 03 
10 01 21 12 32 70 32 81 18 30 11 23 5b 09 09 04 
24 0b 14 40 38 00 00 3a af 75 09 79 01 01 22 09 
12 57 15 23 7b 40 20 11 10 00 13 16 23 14 01 01 
41 50 40 b2 00 00 55 bf 00 00 03 00 03 00 00 00 
01 31 93 03 8d cf 00 00 03 00 10 35 47 70 32 27 
13 23 5b 12 00 13 10 04 05 24 0b 21 19 50 00 af 
cf 00 40 00 00 10 35 47 70 32 27 13 23 5b 12 00 
13 10 04 05 24 0b 21 19 50 00 ec 8f 30 41 12 24 
2b 00 00 54 61 01 00 01 11 05 15 10 10 97 10 97 
97 41 12 24 7b 86 21 31 b2 97 10 18 00 73 9f 82 
61 19 00 16 23 0b 17 03 10 01 21 12 32 70 32 81 
18 30 11 23 5b 09 09 04 24 0b 14 40 38 00 00 3a 
af 75 09 79 01 01 22 09 12 57 15 23 7b 40 20 11 
10 00 13 16 23 14 01 01 41 50 40 b2 00 00 55 bf 
00 00 03 00 03 00 00 00 01 31 93 03 8d cf 00 20 
34 00 10 35 47 70 32 27 13 23 5b 12 00 13 10 04 
05 24 0b 21 19 50 00 00 cf 00 40 33 00 10 35 47 
70 32 27 13 23 5b 12 00 13 10 04 05 24 0b 21 19 
50 00 1f 8f 40 41 12 24 2b 00 00 54 61 01 00 01 
11 05 15 10 10 97 10 97 97 41 12 24 7b 86 21 31 
b2 97 10 18 00 83 9f 82 61 19 00 16 23 0b 17 03 
10 01 21 12 32 70 32 81 18 30 11 23 5b 09 09 04 
24 0b 14 40 38 00 00 3a af 75 09 79 01 01 22 09 
12 57 15 23 7b 40 20 11 10 00 13 16 23 14 01 01 
41 50 40 b2 00 00 55 bf 00 00 03 00 03 00 00 00 
01 31 93 03 8d cf 00 30 33 00 10 35 47 70 32 27 
13 23 5b 12 00 13 10 04 05 24 0b 21 19 50 00 0f 
cf 00 00 34 00 10 35 47 70 32 27 13 23 5b 12 00 
13 10 04 05 24 0b 21 19 50 00 e0 8f 50 41 12 24 
2b 00 00 54 61 01 00 01 11 05 15 10 10 97 10 97 
97 41 12 24 7b 86 21 31 b2 97 10 18 00 93 9f 82 
61 19 00 16 23 0b 17 03 10 01 21 12 32 70 32 81 
18 30 11 23 5b 09 09 04 24 0b 14 40 38 00 00 3a 
af 75 09 79 01 01 22 09 12 57 15 23 7b 40 20 11 
10 00 13 16 23 14 01 01 41 50 40 b2 00 00 55 bf 
00 00 03 00 03 00 00 00 01 31 93 03 8d cf 00 50 
33 00 10 35 47 70 32 27 13 23 5b 12 00 13 10 04 
05 24 0b 21 19 50 00 2f cf 00 50 34 00 10 35 47 
70 32 27 13 23 5b 12 00 13 10 04 05 24 0b 21 19 
50 00 30 8f 00 42 12 24 2b 00 00 54 61 01 00 01 
11 05 15 10 10 97 10 97 97 42 12 24 7b 86 21 31 
b2 97 10 18 00 45 9f 82 61 19 00 16 23 0b 17 03 
10 01 21 12 32 70 32 81 18 30 11 23 5b 09 09 04 
24 0b 14 40 38 00 00 3a af 75 09 79 01 01 22 09 
12 57 15 23 7b 40 20 11 10 00 13 16 23 14 01 01 
41 50 40 b2 00 00 55 bf 00 00 03 00 03 00 00 00 
01 31 93 03 8d cf 00 20 33 00 10 35 47 70 32 27 
13 23 5b 12 00 13 10 04 05 24 0b 21 19 50 00 ff 
cf 00 10 31 00 10 35 47 70 32 27 13 23 5b 12 00 
13 10 04 05 24 0b 21 19 50 00 ed 8f 10 42 12 24 
2b 00 00 54 61 01 00 01 11 05 15 10 10 97 10 97 
97 42 12 24 7b 86 21 31 b2 97 10 18 00 55 9f 82 
61 19 00 16 23 0b 17 03 10 01 21 12 32 70 32 81 
18 30 11 23 5b 09 09 04 24 0b 14 40 38 00 00 3a 
af 75 09 79 01 01 22 09 12 57 15 23 7b 40 20 11 
10 00 13 16 23 14 01 01 41 50 40 b2 00 00 55 bf 
00 00 03 00 03 00 00 00 01 31 93 03 8d cf 00 50 
33 00 50 33 47 70 32 27 13 23 5b 12 00 13 10 04 
05 24 0b 21 19 50 00 6d cf 00 40 33 00 50 33 47 
70 32 27 13 23 5b 12 00 13 10 04 05 24 0b 21 19 
50 00 5d 8f 20 42 12 24 2b 00 00 54 61 01 00 01 
11 05 15 10 10 97 10 97 97 42 12 24 7b 86 21 31 
b2 97 10 18 00 65 9f 82 61 19 00 16 23 0b 17 03 
10 01 21 12 32 70 32 81 18 30 11 23 5b 09 09 04 
24 0b 14 40 38 00 00 3a af 75 09 79 01 01 22 09 
12 57 15 23 7b 40 20 11 10 00 13 16 23 14 01 01 
41 50 40 b2 00 00 55 bf 00 00 03 00 03 00 00 00 
01 31 93 03 8d cf 00 60 35 00 50 33 47 70 32 27 
13 23 5b 12 00 13 10 04 05 24 0b 21 19 50 00 7f 
cf 00 10 00 00 50 33 47 70 32 27 13 23 5b 12 00 
13 10 04 05 24 0b 21 19 50 00 fa 8f 30 42 12 24 
2b 00 00 54 61 01 00 01 11 05 15 10 10 97 10 97 
97 42 12 24 7b 86 21 31 b2 97 10 18 00 75 9f 82 
61 19 00 16 23 0b 17 03 10 01 21 12 32 70 32 81 
18 30 11 23 5b 09 09 04 24 0b 14 40 38 00 00 3a 
af 75 09 79 01 01 22 09 12 57 15 23 7b 40 20 11 
10 00 13 16 23 14 01 01 41 50 40 b2 00 00 55 bf 
00 00 03 00 04 00 00 00 01 31 93 03 8e cf 00 40 
00 00 50 33 47 70 32 27 13 23 5b 12 00 13 10 04 
05 24 0b 21 19 50 00 2a cf 00 60 10 00 50 33 47 
70 32 27 13 23 5b 12 00 13 10 04 05 24 0b 21 19 
50 00 5a 8f 40 42 12 24 2b 00 00 54 61 01 00 01 
11 05 15 10 10 97 10 97 97 42 12 24 7b 86 21 31 
b2 97 10 18 00 85 9f 82 61 19 00 16 23 0b 17 03 
10 01 21 12 32 70 32 81 18 30 11 23 5b 09 09 04 
24 0b 14 40 38 00 00 3a af 75 09 79 01 01 22 09 
12 57 15 23 7b 40 20 11 10 00 13 16 23 14 01 01 
41 50 40 b2 00 00 55 bf 00 00 03 00 04 00 00 00 
01 31 93 03 8e cf 00 50 15 00 50 33 47 70 32 27 
13 23 5b 12 00 13 10 04 05 24 0b 21 19 50 00 4f 
cf 00 70 21 00 50 33 47 70 32 27 13 23 5b 12 00 
13 10 04 05 24 0b 21 19 50 00 7b 8f 50 42 12 24 
2b 00 00 54 61 01 00 01 11 05 15 10 10 97 10 97 
97 42 12 24 7b 86 21 31 b2 97 10 18 00 95 9f 82 
61 19 00 16 23 0b 17 03 10 01 21 12 32 70 32 81 
18 30 11 23 5b 09 09 04 24 0b 14 40 38 00 00 3a 
af 75 09 79 01 01 22 09 12 57 15 23 7b 40 20 11 
10 00 13 16 23 14 01 01 41 50 40 b2 00 00 55 bf 
00 00 03 00 04 00 00 00 01 31 93 03 8e cf 00 70 
21 00 50 33 47 70 32 27 13 23 5b 12 00 13 10 04 
05 24 0b 21 19 50 00 7b cf 00 20 22 00 50 33 47 
70 32 27 13 23 5b 12 00 13 10 04 05 24 0b 21 19 
50 00 2c 8f 00 43 12 24 2b 00 00 54 61 01 00 01 
11 05 15 10 10 97 10 97 97 43 12 24 7b 86 21 31 
b2 97 10 18 00 47 9f 82 61 19 00 16 23 0b 17 03 
10 01 21 12 32 70 32 81 18 30 11 23 5b 09 09 04 
24 0b 14 40 38 00 00 3a af 75 09 79 01 01 22 09 
12 57 15 23 7b 40 20 11 10 00 13 16 23 14 01 01 
41 50 40 b2 00 00 55 bf 00 00 03 00 04 00 00 00 
01 31 93 03 8e cf 00 30 22 00 50 33 47 70 32 27 
13 23 5b 12 00 13 10 04 05 24 0b 21 19 50 00 3c 
cf 00 30 22 00 50 33 47 70 32 27 13 23 5b 12 00 
13 10 04 05 24 0b 21 19 50 00 3c 8f 10 43 12 24 
2b 00 00 54 61 01 00 01 11 05 15 10 10 97 10 97 
97 43 12 24 7b 86 21 31 b2 97 10 18 00 57 9f 82 
61 19 00 16 23 0b 17 03 10 01 21 12 32 70 32 81 
18 30 11 23 5b 09 09 04 24 0b 14 40 38 00 00 3a 
af 75 09 79 01 01 22 09 12 57 15 23 7b 40 20 11 
10 00 13 16 23 14 01 01 41 50 40 b2 00 00 55 bf 
00 00 03 00 04 00 00 00 01 31 93 03 8e cf 00 30 
22 00 30 22 47 70 32 27 13 23 5b 12 00 13 10 04 
05 24 0b 21 19 50 00 0b cf 00 30 22 00 30 22 47 
70 32 27 13 23 5b 12 00 13 10 04 05 24 0b 21 19 
50 00 0b 8f 20 43 12 24 2b 00 00 54 61 01 00 01 
11 05 15 10 10 97 10 97 97 43 12 24 7b 86 21 31 
b2 97 10 18 00 67 9f 82 61 19 00 16 23 0b 17 03 
10 01 21 12 32 70 32 81 18 30 11 23 5b 09 09 04 
24 0b 14 40 38 00 00 3a af 75 09 79 01 01 22 09 
12 57 15 23 7b 40 20 11 10 00 13 16 23 14 01 01 
41 50 40 b2 00 00 55 bf 00 00 03 00 04 00 00 00 
01 31 93 03 8e cf 00 40 02 00 30 22 47 70 32 27 
13 23 5b 12 00 13 10 04 05 24 0b 21 19 50 00 fb 
cf 00 60 00 00 30 22 47 70 32 27 13 23 5b 12 00 
13 10 04 05 24 0b 21 19 50 00 19 8f 30 43 12 24 
2b 00 00 54 61 01 00 01 11 05 15 10 10 97 10 97 
97 43 12 24 7b 86 21 31 b2 97 10 18 00 77 9f 82 
61 19 00 16 23 0b 17 03 10 01 21 12 32 70 32 81 
18 30 11 23 5b 09 09 04 24 0b 14 40 38 00 00 3a 
af 75 09 79 01 01 22 09 12 57 15 23 7b 40 20 11 
10 00 13 16 23 14 01 01 41 50 40 b2 00 00 55 bf 
00 00 03 00 04 00 00 00 01 31 93 03 8e cf 00 00 
00 00 30 22 47 70 32 27 13 23 5b 12 00 13 10 04 
05 24 0b 21 19 50 00 b9 cf 00 30 34 00 30 22 47 
70 32 27 13 23 5b 12 00 13 10 04 05 24 0b 21 19 
50 00 1d 8f 40 43 12 24 2b 00 00 54 61 01 00 01 
11 05 15 10 10 97 10 97 97 43 12 24 7b 86 21 31 
b2 97 10 18 00 87 9f 82 61 19 00 16 23 0b 17 03 
10 01 21 12 32 70 32 81 18 30 11 23 5b 09 09 04 
24 0b 14 40 38 00 00 3a af 75 09 79 01 01 22 09 
12 57 15 23 7b 40 20 11 10 00 13 16 23 14 01 01 
41 50 40 b2 00 00 55 bf 00 00 03 00 04 00 00 00 
01 31 93 03 8e cf 00 10 35 00 30 22 47 70 32 27 
13 23 5b 12 00 13 10 04 05 24 0b 21 19 50 00 fe 
cf 00 90 29 00 30 22 47 70 32 27 13 23 5b 12 00 
13 10 04 05 24 0b 21 19 50 00 72 8f 50 43 12 24 
2b 00 00 54 61 01 00 01 11 05 15 10 10 97 10 97 
97 43 12 24 7b 86 21 31 b2 97 10 18 00 97 9f 82 
61 19 00 16 23 0b 17 03 10 01 21 12 32 70 32 81 
18 30 11 23 5b 09 09 04 24 0b 14 40 38 00 00 3a 
af 75 09 79 01 01 22 09 12 57 15 23 7b 40 20 11 
10 00 13 16 23 14 01 01 41 50 40 b2 00 00 55 bf 
00 00 03 00 04 00 00 00 01 31 93 03 8e cf 00 40 
32 00 30 22 47 70 32 27 13 23 5b 12 00 13 10 04 
05 24 0b 21 19 50 00 2b cf 00 30 27 00 30 22 47 
70 32 27 13 23 5b 12 00 13 10 04 05 24 0b 21 19 
50 00 10 8f 00 44 12 24 2b 00 00 54 61 01 00 01 
11 05 15 10 10 97 10 97 97 44 12 24 7b 86 21 31 
b2 97 10 18 00 49 9f 82 61 19 00 16 23 0b 17 03 
10 01 21 12 32 70 32 81 18 30 11 23 5b 09 09 04 
24 0b 14 40 38 00 00 3a af 75 09 79 01 01 22 09 
12 57 15 23 7b 40 20 11 10 00 13 16 23 14 01 01 
41 50 40 b2 00 00 55 bf 00 00 03 00 04 00 00 00 
01 31 93 03 8e cf 00 00 34 00 30 22 47 70 32 27 
13 23 5b 12 00 13 10 04 05 24 0b 21 19 50 00 ed 
cf 00 90 32 00 30 22 47 70 32 27 13 23 5b 12 00 
13 10 04 05 24 0b 21 19 50 00 7b 